1
10
1009
1025
103
109
11
110
1111
1115
1140
1141
1146
12
1281
13
1300
1343
135
14
15
1532
1535
16
1618
1621
1622
163
1631
165
1659
166
1698
17
170
1704
1706
171
1716
173
1734
174
175
1751
1752
178
18
180
1801
181
182
183
185
1851
187
189
19
191
192
194
195
196
197
1976
198
199
2
20
200
201
2013
2016
202
203
204
205
206
207
208
209
21
210
211
212
213
216
22
23
2346
2351
2355
2356
2357
2358
2359
2375
2383
2388
239
24
2404
2405
2408
2410
2411
2420
2458
2464
2468
2472
2486
25
2560
2566
2584
2592
2599
26
2631
2632
2647
27
2717
2728
2741
275
2750
2757
2758
2759
276
2762
2764
2768
2769
2774
2775
2776
2777
2778
2779
2780
2781
2793
28
2815
2886
2888
2895
29
2927
2984
2989
2999
3
30
3005
3008
3027
3032
3038
3046
3068
3069
3081
31
3108
3109
3144
3161
3166
3179
3184
32
3235
3269
3274
328
3280
3282
33
3307
3309
3327
3361
3363
3369
3376
3382
34
3440
35
3546
36
368
37
38
39
3952
3953
3954
3955
4
40
408
41
42
421
43
44
45
46
47
48
49
5
50
501
51
52
53
54
55
56
57
58
582
59
594
6
60
61
62
63
635
64
65
650
66
664
666
667
67
68
681
683
69
7
70
71
72
73
74
75
76
77
78
79
8
80
81
82
83
84
85
86
867
87
873
876
88
89
9
901
91
92
93
94
95
958
96
962
979
98
984
994
997
